obsFrequencies = [ 2034, 2034, 2014, 2009, 1917, 1967, 2002, 2046, 1932, 1956, 1941, 2050, 2056, 2002, 1907, 2006, 2032, 2016, 2048, 2032, 1996, 2031, 2031, 2071, 2083, 1963, 2040, 1972, 1981, 1951, 2085, 1972, 1962, 2008, 1939, 1929, 2037, 2009, 1988, 2044, 1950, 2105, 1965, 2127, 2051, 2059, 2041, 2000, 1949, 2004, 2071, 1966, 1996, 1961, 2053, 2019, 1989, 2008, 2004, 2014, 2017, 1983, 1996, 1953, 1943, 2016, 1993, 2035, 2084, 1957, 1990, 2028, 1982, 1990, 1938, 1990, 2081, 1988, 1975, 2001, 2016, 2055, 1942, 1962, 2056, 2045, 2077, 2046, 2025, 2035, 2003, 1992, 1899, 1998, 2049, 2046, 1975, 2084, 1952, 1924, 1527, 478; 1963, 1971, 1953, 2045, 1989, 1977, 1982, 2029, 1966, 2051, 1946, 2030, 2026, 2016, 1912, 2005, 2086, 2035, 2017, 2006, 1989, 1978, 2028, 2000, 2052, 1959, 1952, 2003, 2025, 1924, 2017, 1992, 2025, 1942, 1955, 2035, 1990, 1971, 2045, 2046, 1892, 2058, 2064, 1990, 1901, 2050, 1977, 1927, 2009, 2024, 2018, 1932, 1959, 2000, 1983, 1987, 1964, 2011, 1959, 2000, 2079, 1973, 2077, 1994, 2030, 1923, 1967, 1960, 2051, 2031, 1999, 2043, 1970, 2025, 2013, 2123, 1992, 2058, 2026, 2021, 2090, 1995, 2023, 2041, 1986, 2046, 2069, 1930, 2017, 1981, 1995, 1999, 2133, 2038, 2010, 1971, 1976, 2030, 1584, 503, 0, 0; 1964, 1960, 1957, 2058, 1981, 1976, 2026, 2007, 2003, 1962, 2003, 1947, 2076, 1966, 2066, 2000, 2017, 2050, 1917, 1976, 2047, 1960, 2026, 2095, 1982, 1934, 1950, 1937, 1963, 2081, 2002, 2025, 1925, 2004, 1992, 1925, 1963, 1927, 1941, 2003, 2049, 1981, 2017, 1981, 2040, 1931, 1984, 2038, 1975, 1991, 2037, 2028, 2052, 1947, 2015, 1977, 1988, 2008, 1970, 1985, 1999, 1939, 2026, 2065, 2033, 1975, 2052, 2053, 2013, 2044, 1975, 2008, 1999, 2052, 2043, 1932, 2103, 1991, 2038, 1953, 2003, 1935, 2028, 2023, 1992, 2004, 1973, 2073, 2039, 1994, 2059, 1959, 1905, 1983, 1947, 1947, 1488, 541, 0, 0, 0, 0; 1956, 1997, 2018, 1996, 2053, 2026, 2013, 2018, 2048, 1908, 2020, 1958, 2002, 1983, 2074, 2022, 2009, 2019, 2024, 2012, 1977, 2002, 1927, 1967, 2030, 2007, 2036, 1931, 1969, 2031, 2016, 1993, 2018, 2035, 2033, 1973, 2023, 1946, 2036, 1985, 1990, 1993, 2065, 2007, 2044, 1887, 2013, 1960, 1984, 1982, 1909, 2090, 1992, 1957, 1960, 2010, 1970, 2045, 2037, 2118, 2022, 2022, 2064, 1990, 2039, 1975, 1957, 1981, 2165, 1959, 2025, 2039, 2035, 2129, 1951, 2047, 1967, 2046, 2007, 2054, 2069, 2028, 1996, 2037, 2064, 1947, 2000, 1935, 1952, 2095, 1935, 1985, 2029, 2050, 1416, 500, 0, 0, 0, 0, 0, 0; 1951, 2023, 1967, 1947, 2017, 1992, 1987, 2005, 2024, 1920, 2041, 1964, 2027, 2026, 1962, 1951, 1985, 1929, 2009, 1926, 2017, 2000, 2011, 2009, 1958, 2023, 2063, 2005, 2034, 2009, 2009, 2011, 1965, 2003, 2077, 2072, 1996, 1935, 1999, 1984, 1972, 2042, 1986, 1983, 2004, 1983, 1950, 2003, 2037, 1954, 1992, 2014, 2073, 2057, 2005, 1959, 1976, 2070, 1943, 1956, 2007, 1944, 1967, 1921, 2018, 2015, 1960, 2006, 2000, 1972, 1953, 2021, 1979, 1984, 1973, 2025, 1979, 1974, 1968, 1993, 1976, 1967, 2037, 1978, 2009, 2015, 1983, 1994, 2003, 1917, 2024, 2042, 1530, 506, 0, 0, 0, 0, 0, 0, 0, 0; 1993, 1992, 1968, 1996, 2020, 1917, 1967, 2113, 2010, 1957, 2138, 2042, 1970, 2051, 1992, 2012, 2000, 2010, 1970, 2115, 1989, 1937, 2075, 1993, 1964, 1954, 2091, 1966, 1999, 1997, 1918, 2009, 1961, 2059, 2035, 2008, 2009, 1977, 2014, 1999, 2034, 1966, 2003, 1890, 2026, 2050, 2007, 1936, 1984, 2021, 2033, 2065, 2024, 1991, 1995, 1991, 1986, 1977, 1937, 1917, 2061, 1988, 1997, 2012, 2009, 1943, 2071, 1970, 2069, 2045, 2017, 1941, 2031, 2011, 1996, 2103, 2013, 1913, 1978, 2002, 1930, 2007, 2060, 1953, 1890, 2056, 1989, 1987, 1934, 1999, 1483, 486, 0, 0, 0, 0, 0, 0, 0, 0, 0, 0; 1937, 2061, 2001, 1992, 2010, 2028, 1974, 1990, 2052, 2016, 2033, 2021, 2003, 1957, 1939, 1993, 1991, 1953, 2014, 2018, 2017, 2006, 1975, 1956, 2063, 1992, 2054, 2018, 1966, 2118, 1970, 2007, 1989, 1929, 1939, 2021, 2008, 1968, 2000, 2020, 1953, 1974, 1956, 1968, 2095, 2036, 2067, 1960, 2020, 1964, 2024, 2038, 1995, 2014, 2014, 2047, 2038, 2013, 1978, 2012, 2041, 1966, 2014, 1964, 2015, 1999, 2037, 2048, 1969, 2048, 1996, 2052, 2023, 2002, 2003, 2016, 1986, 2000, 1995, 2063, 2017, 2011, 1993, 2032, 1961, 1947, 2107, 1975, 1523, 530, 0, 0, 0, 0, 0, 0, 0, 0, 0, 0, 0, 0; 1999, 1968, 1961, 2005, 1909, 1988, 2042, 2033, 2054, 1923, 2051, 1912, 2052, 2042, 1953, 1973, 2032, 1955, 1970, 2013, 2001, 1970, 2097, 1905, 1948, 2011, 2066, 1958, 2024, 2032, 2058, 1895, 2071, 1987, 1962, 1990, 2014, 2002, 1949, 2028, 2002, 1974, 1945, 2039, 2088, 1953, 2025, 1992, 1980, 2031, 1998, 2020, 2016, 2106, 2012, 1969, 1964, 2061, 2046, 2062, 2041, 1946, 1993, 1997, 2028, 1969, 2056, 1999, 2022, 2045, 1964, 1958, 1900, 2010, 1979, 1938, 1996, 2014, 1992, 1946, 2005, 2010, 2017, 1975, 1971, 1995, 1464, 525, 0, 0, 0, 0, 0, 0, 0, 0, 0, 0, 0, 0, 0, 0; 2009, 1953, 2016, 2061, 1990, 1991, 2002, 2011, 1999, 2008, 1962, 2003, 1987, 2014, 2000, 2091, 1986, 1964, 1901, 1974, 1863, 2008, 1984, 1885, 1996, 2037, 2006, 1996, 1923, 1963, 1939, 2041, 2025, 1916, 1969, 2069, 2004, 2039, 2013, 1966, 2021, 1989, 1987, 1980, 2014, 1986, 2071, 1974, 2022, 2024, 1994, 1941, 1942, 2023, 2086, 2048, 2038, 1984, 2014, 2034, 1952, 2037, 2013, 1951, 2041, 2052, 2008, 1954, 2028, 1974, 2045, 2070, 1989, 1977, 1955, 2016, 1965, 1911, 1996, 1957, 1984, 2009, 1987, 1941, 1519, 505, 0, 0, 0, 0, 0, 0, 0, 0, 0, 0, 0, 0, 0, 0, 0, 0; 1960, 1928, 1996, 1998, 1993, 2068, 1917, 2051, 2008, 2008, 2042, 2043, 2054, 2024, 1952, 2039, 1964, 1986, 2039, 2006, 1982, 1993, 2092, 2005, 1977, 2007, 2087, 1994, 1899, 1989, 1941, 1965, 2025, 1998, 1957, 1935, 2075, 2065, 2035, 2063, 1923, 1971, 2034, 1955, 2016, 2071, 1995, 2049, 1981, 1949, 2024, 1948, 2024, 1981, 2014, 2026, 2111, 2021, 1933, 1960, 1993, 2040, 1937, 1988, 1997, 2042, 1978, 1915, 1941, 2030, 1931, 1977, 2000, 2012, 2010, 2057, 2044, 1976, 2022, 2000, 2011, 1981, 1546, 512, 0, 0, 0, 0, 0, 0, 0, 0, 0, 0, 0, 0, 0, 0, 0, 0, 0, 0; 1952, 1906, 2054, 1964, 2038, 1997, 2025, 1986, 1963, 1961, 1898, 1974, 2038, 2026, 2023, 1882, 2021, 1966, 2002, 2017, 2042, 1967, 2011, 2023, 1990, 2013, 1963, 1929, 2045, 2093, 2007, 1995, 1908, 1971, 2071, 1894, 2015, 2037, 1978, 2015, 2064, 1994, 1978, 1964, 2017, 2001, 1933, 2006, 1985, 1901, 2082, 2067, 2036, 1936, 1947, 2008, 2015, 2056, 1921, 1999, 1992, 2014, 2076, 2014, 2027, 2052, 1953, 2003, 2024, 1995, 1943, 2080, 2023, 1898, 1974, 1996, 1994, 1996, 1979, 1991, 1459, 498, 0, 0, 0, 0, 0, 0, 0, 0, 0, 0, 0, 0, 0, 0, 0, 0, 0, 0, 0, 0; 2064, 1989, 2017, 1943, 2015, 1980, 2007, 1990, 1968, 1979, 1976, 2022, 1970, 1989, 2001, 2012, 2035, 2044, 2034, 1988, 1995, 1951, 1967, 1928, 2006, 2048, 2111, 2062, 2008, 2056, 2051, 2030, 2002, 1997, 2030, 2038, 1873, 2009, 1964, 1979, 2019, 1990, 2013, 1979, 2064, 2083, 1984, 1918, 1934, 2027, 1995, 2026, 1998, 1906, 1988, 2006, 2050, 1994, 1945, 1915, 1973, 1973, 2010, 1959, 1972, 1953, 2029, 1960, 1992, 1954, 1965, 2004, 1967, 1947, 2039, 2051, 2081, 1922, 1490, 497, 0, 0, 0, 0, 0, 0, 0, 0, 0, 0, 0, 0, 0, 0, 0, 0, 0, 0, 0, 0, 0, 0; 1972, 1918, 1999, 1990, 2028, 2006, 2050, 1975, 2003, 1812, 1985, 2004, 2000, 1998, 1977, 2054, 1933, 1989, 1992, 1995, 2035, 2074, 1998, 2020, 1926, 2032, 2017, 1995, 2032, 2005, 2027, 2146, 2021, 2043, 1960, 2079, 2052, 2003, 2018, 1986, 1945, 2024, 2040, 1942, 2014, 2057, 1956, 2028, 2013, 1911, 2038, 1994, 2053, 2039, 1981, 2056, 1993, 1979, 1992, 2013, 2011, 1955, 2056, 2023, 1958, 2026, 2034, 1999, 2049, 1980, 2025, 1988, 2128, 1973, 1978, 1974, 1484, 517, 0, 0, 0, 0, 0, 0, 0, 0, 0, 0, 0, 0, 0, 0, 0, 0, 0, 0, 0, 0, 0, 0, 0, 0; 2002, 1943, 2009, 2014, 1964, 2084, 1907, 2110, 1967, 2005, 2025, 2015, 2057, 1993, 1972, 2011, 2013, 2019, 1995, 2004, 1993, 1936, 2025, 2052, 1970, 2092, 1957, 2026, 1953, 1928, 1999, 2009, 2014, 1961, 2010, 1979, 1966, 1992, 2016, 1991, 1975, 2001, 1999, 2005, 1963, 1983, 1902, 1977, 1962, 1906, 1948, 2021, 2016, 1978, 1963, 2024, 2025, 2034, 1950, 2035, 2000, 2101, 2008, 2026, 1979, 1977, 2045, 2001, 1997, 1983, 2064, 1956, 2009, 2084, 1527, 498, 0, 0, 0, 0, 0, 0, 0, 0, 0, 0, 0, 0, 0, 0, 0, 0, 0, 