obsFrequencies = [ 2058, 2006, 1974, 1946, 2044, 2000, 2011, 2067, 1990, 2041, 1958, 2015, 2087, 2003, 2014, 2036, 2044, 2003, 1997, 1866, 2106, 1945, 1966, 1964, 1993, 2064, 2047, 2000, 2017, 2033, 2006, 2063, 1978, 2031, 2013, 1977, 1996, 1913, 1944, 2033, 1933, 1974, 1962, 1996, 2004, 1986, 1950, 2062, 1982, 2013, 1989, 0, 0, 0, 0, 0, 0, 0, 0, 0, 0, 0, 0, 0, 0, 0, 0, 0, 0, 0, 0, 0, 0, 0, 0, 0, 0, 0, 0, 0, 0, 0, 0, 0, 0, 0, 0, 0, 0, 0, 0, 0, 0, 0, 0, 0, 0, 0, 0, 0, 1, 0; 2026, 1999, 1981, 2090, 1971, 2001, 1921, 1986, 2029, 2078, 1945, 2025, 2046, 2065, 1953, 2047, 1971, 1953, 2014, 1986, 2004, 2012, 2001, 2000, 1986, 1991, 2120, 1957, 2032, 1971, 2017, 1998, 2039, 2058, 2004, 2011, 1953, 2032, 2007, 2097, 1942, 2067, 1932, 2043, 2012, 1946, 1908, 2062, 1945, 1985, 1906, 0, 0, 0, 0, 0, 0, 0, 0, 0, 0, 0, 0, 0, 0, 0, 0, 0, 0, 0, 0, 0, 0, 0, 0, 0, 0, 0, 0, 0, 0, 0, 0, 0, 0, 0, 0, 0, 0, 0, 0, 0, 0, 0, 0, 0, 0, 0, 0, 0, 0, 0; 2005, 1993, 1947, 2015, 2037, 1963, 1957, 1995, 1998, 1943, 1924, 2041, 2004, 1948, 2025, 1913, 2008, 1964, 1974, 2064, 2015, 2081, 1947, 1966, 1985, 1990, 1969, 2080, 2142, 1989, 2029, 2009, 1962, 2030, 2010, 2063, 2054, 1977, 2043, 1947, 1990, 1999, 2018, 1976, 1958, 2005, 2001, 2042, 1978, 1998, 1984, 0, 0, 0, 0, 0, 0, 0, 0, 0, 0, 0, 0, 0, 0, 0, 0, 0, 0, 0, 0, 0, 0, 0, 0, 0, 0, 0, 0, 0, 0, 0, 0, 0, 0, 0, 0, 0, 0, 0, 0, 0, 0, 0, 0, 0, 0, 0, 0, 0, 0, 0; 1896, 2008, 1945, 2004, 2035, 1952, 2020, 1985, 2077, 1986, 2048, 1959, 2052, 1849, 1914, 2041, 1993, 2016, 2006, 1981, 2026, 1999, 1985, 1948, 1965, 2002, 2043, 1962, 2017, 1998, 1988, 2022, 1937, 2074, 1993, 2000, 2014, 1950, 2023, 1975, 2016, 1985, 2088, 1948, 2038, 2013, 1986, 1983, 1953, 2046, 2033, 0, 0, 0, 0, 0, 0, 0, 0, 0, 0, 0, 0, 0, 0, 0, 0, 0, 0, 0, 0, 0, 0, 0, 0, 0, 0, 0, 0, 0, 0, 0, 0, 0, 0, 0, 0, 0, 0, 0, 0, 0, 0, 0, 0, 0, 0, 0, 0, 0, 0, 0; 1974, 2022, 2012, 2014, 1979, 1966, 2054, 2000, 2073, 2037, 2032, 2003, 2005, 1933, 2019, 1997, 2057, 2052, 2003, 2013, 1984, 2066, 2029, 2002, 1955, 1994, 1948, 2019, 1996, 1991, 2049, 1934, 2014, 1985, 1959, 1909, 2003, 2055, 1987, 1951, 2000, 1969, 2010, 1946, 2018, 1962, 1992, 1951, 2019, 2045, 1993, 0, 0, 0, 0, 0, 0, 0, 0, 0, 0, 0, 0, 0, 0, 0, 0, 0, 0, 0, 0, 0, 0, 0, 0, 0, 0, 0, 0, 0, 0, 0, 0, 0, 0, 0, 0, 0, 0, 0, 0, 0, 0, 0, 0, 0, 0, 0, 0, 0, 0, 0; 2072, 2011, 2023, 1990, 2003, 1974, 1974, 2029, 1992, 1986, 2002, 1914, 1951, 1978, 1971, 1962, 2050, 1959, 1945, 2057, 2016, 2012, 2046, 1895, 1978, 1958, 2091, 1985, 2058, 2008, 2022, 2094, 2024, 2047, 1975, 2055, 1999, 2005, 2003, 2031, 2069, 1958, 1973, 2019, 1944, 1946, 2022, 2055, 2003, 1950, 2006, 0, 0, 0, 0, 0, 0, 0, 0, 0, 0, 0, 0, 0, 0, 0, 0, 0, 0, 0, 0, 0, 0, 0, 0, 0, 0, 0, 0, 0, 0, 0, 0, 0, 0, 0, 0, 0, 0, 0, 0, 0, 0, 0, 0, 0, 0, 0, 0, 0, 0, 0; 2054, 2077, 1998, 1964, 2042, 2069, 2007, 1983, 1984, 2003, 2016, 1999, 2040, 1996, 2022, 2074, 1936, 1914, 1951, 2008, 1977, 2111, 1971, 1994, 2024, 2042, 2080, 2035, 1993, 1979, 2072, 1964, 2045, 1951, 1984, 2021, 1971, 2002, 1994, 2021, 2002, 2065, 2042, 2005, 1993, 2075, 2036, 2021, 2030, 2003, 1945, 0, 0, 0, 0, 0, 0, 0, 0, 0, 0, 0, 0, 0, 0, 0, 0, 0, 0, 0, 0, 0, 0, 0, 0, 0, 0, 0, 0, 0, 0, 0, 0, 0, 0, 0, 0, 0, 0, 0, 0, 0, 0, 0, 0, 0, 0, 0, 0, 0, 0, 0; 1982, 2014, 1961, 1978, 2068, 1987, 2024, 2043, 1951, 1927, 1943, 1989, 1943, 1984, 2029, 1958, 1965, 1990, 2027, 1926, 2030, 2058, 1983, 2020, 2019, 1931, 1884, 1944, 2113, 1915, 1941, 1979, 2034, 1952, 2015, 2024, 1968, 1990, 1990, 1932, 2002, 1955, 2038, 1997, 2053, 1979, 1908, 1974, 2006, 1992, 2019, 0, 0, 0, 0, 0, 0, 0, 0, 0, 0, 0, 0, 0, 0, 0, 0, 0, 0, 0, 0, 0, 0, 0, 0, 0, 0, 0, 0, 0, 0, 0, 0, 0, 0, 0, 0, 0, 0, 0, 0, 0, 0, 0, 0, 0, 0, 0, 0, 0, 0, 0; 1983, 1984, 2020, 1937, 1999, 1932, 2023, 1984, 1945, 1990, 2069, 1982, 1934, 2007, 2030, 2003, 1981, 2000, 1956, 2010, 1990, 2011, 1926, 1972, 1978, 1990, 1974, 1906, 1922, 1987, 1954, 2007, 1870, 2010, 2024, 2063, 2033, 2048, 1957, 2101, 2057, 2001, 2010, 1991, 1979, 2000, 2065, 2037, 1981, 1924, 1975, 0, 0, 0, 0, 0, 0, 0, 0, 0, 0, 0, 0, 0, 0, 0, 0, 0, 0, 0, 0, 0, 0, 0, 0, 0, 0, 0, 0, 0, 0, 0, 0, 0, 0, 0, 0, 0, 0, 0, 0, 0, 0, 0, 0, 0, 0, 0, 0, 0, 0, 0; 2052, 1989, 2019, 2065, 1960, 2102, 2019, 1962, 1994, 2062, 1955, 2033, 1983, 2081, 2047, 1912, 1974, 2041, 1954, 2007, 1970, 2070, 1981, 2027, 2008, 2058, 2060, 2004, 2055, 1967, 1919, 1996, 2040, 1948, 1928, 2051, 1997, 1993, 1973, 2028, 2038, 2022, 1986, 1946, 1965, 2107, 1974, 1991, 2015, 1994, 1913, 0, 0, 0, 0, 0, 0, 0, 0, 0, 0, 0, 0, 0, 0, 0, 0, 0, 0, 0, 0, 0, 0, 0, 0, 0, 0, 0, 0, 0, 0, 0, 0, 0, 0, 0, 0, 0, 0, 0, 0, 0, 0, 0, 0, 0, 0, 0, 0, 0, 0, 0; 1997, 1897, 1984, 1990, 1916, 1976, 1904, 1908, 2026, 2044, 2039, 2062, 1974, 2021, 1981, 1929, 2048, 1984, 1932, 2026, 1974, 2025, 2044, 1982, 2010, 1973, 2022, 1957, 1908, 2011, 2009, 1981, 1962, 2001, 2077, 1876, 2016, 2012, 1950, 2022, 1921, 1958, 1977, 1976, 2024, 2046, 1977, 1986, 1988, 1929, 1995, 0, 0, 0, 0, 0, 0, 0, 0, 0, 0, 0, 0, 0, 0, 0, 0, 0, 0, 0, 0, 0, 0, 0, 0, 0, 0, 0, 0, 0, 0, 0, 0, 0, 0, 0, 0, 0, 0, 0, 0, 0, 0, 0, 0, 0, 0, 0, 0, 0, 0, 0; 2013, 2001, 2025, 1914, 1952, 2054, 2042, 2034, 1965, 2050, 1997, 2002, 1999, 1996, 1957, 1999, 2006, 1936, 2030, 2019, 2061, 2072, 2003, 2041, 1992, 2032, 2032, 1965, 1949, 2002, 2010, 1995, 1968, 2050, 2021, 2039, 1968, 1953, 1987, 2060, 1950, 1991, 1958, 1976, 1985, 2002, 2005, 1987, 1936, 1968, 2087, 0, 0, 0, 0, 0, 0, 0, 0, 0, 0, 0, 0, 0, 0, 0, 0, 0, 0, 0, 0, 0, 0, 0, 0, 0, 0, 0, 0, 0, 0, 0, 0, 0, 0, 0, 0, 0, 0, 0, 0, 0, 0, 0, 0, 0, 0, 0, 0, 0, 0, 0; 2020, 1997, 1972, 1997, 1923, 2014, 1991, 1980, 1946, 2032, 1974, 1959, 2021, 2003, 1980, 2027, 2017, 2033, 2002, 2011, 2047, 1980, 2006, 1953, 2086, 2015, 1925, 1950, 1986, 2120, 1982, 2023, 1943, 2004, 1965, 2045, 2047, 1998, 2053, 2041, 2039, 1954, 1962, 1953, 1982, 1951, 1985, 1963, 2030, 2019, 1926, 0, 0, 0, 0, 0, 0, 0, 0, 0, 0, 0, 0, 0, 0, 0, 0, 0, 0, 0, 0, 0, 0, 0, 0, 0, 0, 0, 0, 0, 0, 0, 0, 0, 0, 0, 0, 0, 0, 0, 0, 0, 0, 0, 0, 0, 0, 0, 0, 0, 0, 0; 2002, 2017, 2014, 2006, 1986, 2000, 2001, 2052, 1957, 1996, 1971, 1977, 1978, 1979, 2043, 1963, 1989, 2034, 2022, 1956, 1915, 1978, 1975, 1999, 2016, 2099, 2004, 1978, 2082, 1993, 2001, 2000, 1980, 1977, 1983, 2006, 1941, 1983, 1996, 1997, 2021, 1994, 2002, 1981, 2030, 2065, 2041, 1961, 2035, 2039, 1984, 0, 0, 0, 0, 0, 0, 0, 0, 0, 0, 0, 0, 0, 0, 0, 0, 0, 0, 0, 0, 0, 0, 0, 0, 0, 0, 0, 0, 0, 0, 0, 0, 0, 0, 0, 0, 0, 0, 0, 0, 0, 0, 0, 0, 0, 0, 0, 0, 0, 0, 0; 1970, 1961, 1956, 1991, 1992, 2008, 2018, 1956, 1970, 2021, 2136, 2068, 1944, 1990, 1980, 2071, 1984, 1981, 1993, 2034, 2078, 1982, 2011, 1994, 1948, 1971, 2032, 1987, 1994, 2015, 1999, 2038, 2054, 1950, 1930, 2084, 2052, 2011, 2010, 2028, 1962, 1938, 2058, 1993, 2041, 2055, 2036, 1991, 2033, 2031, 1986, 0, 0, 0, 0, 0, 0, 0, 0, 0, 0, 0, 0, 0, 0, 0, 0, 0, 0, 0, 0, 0, 0, 0, 0, 0, 0, 0, 0, 0, 0, 0, 0, 0, 0, 0, 0, 0, 0, 0, 0, 0, 0, 0, 0, 0, 0, 0, 0, 0, 0, 0; 1918, 2006, 2021, 1962, 2072, 1881, 1943, 1992, 2022, 2051, 2018, 1999, 2058, 2049, 2041, 2017, 1984, 2079, 2070, 1991, 1995, 2047, 2047, 2023, 1990, 2015, 1978, 2015, 1946, 2009, 2039, 2057, 1988, 2078, 1927, 1968, 1911, 1964, 2015, 2025, 2031, 1961, 2034, 1972, 1978, 2015, 1974, 1972, 1977, 2027, 1956, 0, 0, 0, 0, 0, 0, 0, 0, 0, 0, 0, 0, 0, 0, 0, 0, 0, 0, 0, 0, 0, 0, 0, 0, 0, 0, 0, 0, 0, 0, 0, 0, 0, 0, 0, 0, 0, 0, 0, 0, 0, 0, 0, 0, 0, 0, 0, 0, 0, 0, 0; 1997, 2001, 2005, 1991, 1956, 1968, 2065, 1980, 1970, 1948, 2028, 1962, 1946, 2046, 2000, 1970, 1975, 1986, 1941, 1997, 2043, 1968, 2035, 1988, 2025, 1969, 2005, 2058, 1973, 2075, 1983, 1981, 1984, 2034, 2024, 2050, 1980, 1982, 1992, 1953, 2019, 1968, 2039, 2020, 1920, 1996, 1984, 2013, 2047, 1972, 1968, 0, 0, 0, 0, 0, 0, 0, 0, 0, 0, 0, 0, 0, 0, 0, 0, 0, 0, 0, 0, 0, 0, 0, 0, 0, 0, 0, 0, 0, 0, 0, 0, 0, 0, 0, 0, 0, 0, 0, 0, 0, 0, 0, 0, 0, 0, 0, 0, 0, 0, 0; 2068, 2048, 2036, 2051, 1978, 2036, 1992, 2047, 2063, 2031, 1941, 2086, 1899, 1968, 2010, 2028, 2057, 2010, 1996, 1997, 2046, 1984, 2015, 1942, 1915, 2039, 1940, 2100, 1899, 